####exam 1  cluster_num = 3 结果

==== cluster  0  ====
[[1.]]
[[9.96234352e-01 9.03314705e-83 2.25828676e-83 1.88282389e-03
  6.99352650e-24 1.88282389e-03 5.59482120e-23 2.09805795e-23
  4.89546855e-23]]
[1.]
[0, 8, 22, 33, 36, 45, 60, 71, 74, 82, 104, 107, 120, 126, 131, 145]

==== cluster  1  ====
[[1.]]
[[0.5 0.  0.5 0.  0.  0.  0.  0.  0. ]]
[1.]
[69, 128]

==== cluster  2  ====
[[0.2456496  0.06154761 0.049591   0.58013756 0.06307423]
 [0.09025741 0.06055762 0.10646992 0.43324974 0.3094653 ]
 [0.33030353 0.0096678  0.05294455 0.42033998 0.18674413]
 [0.24437732 0.04819541 0.06772248 0.33520227 0.30450252]
 [0.45051755 0.13384984 0.04494188 0.16330094 0.2073898 ]]
[[5.70945537e-01 0.00000000e+00 1.79265431e-03 1.75536991e-03
  0.00000000e+00 3.12085530e-07 4.11861702e-01 2.11854857e-07
  1.36442127e-02]
 [8.02780689e-01 0.00000000e+00 3.64563740e-03 1.54702117e-03
  0.00000000e+00 1.72830671e-07 1.78654202e-01 4.17025149e-07
  1.33718602e-02]
 [6.82339115e-01 0.00000000e+00 7.42407477e-03 4.86399871e-03
  0.00000000e+00 3.66988859e-07 2.46639516e-01 5.45544517e-07
  5.87323830e-02]
 [3.99392351e-02 0.00000000e+00 1.30462177e-02 6.82048493e-03
  0.00000000e+00 6.74863969e-07 9.28194773e-01 3.47083239e-07
  1.19982668e-02]
 [4.42251349e-01 0.00000000e+00 1.72334429e-03 3.64384727e-03
  0.00000000e+00 2.12267780e-07 5.47264941e-01 3.96098524e-07
  5.11590987e-03]]
[0.38055244 0.28449887 0.15879794 0.01946954 0.1566812 ]
[1, 2, 3, 4, 5, 6, 7, 9, 10, 11, 12, 13, 14, 15, 16, 17, 18, 19, 20, 21, 23, 24, 25, 26, 27, 28, 29, 30, 31, 32, 34, 35, 37, 38, 39, 40, 41, 42, 43, 44, 46, 47, 48, 49, 50, 51, 52, 53, 54, 55, 56, 57, 58, 59, 61, 62, 63, 64, 65, 66, 67, 68, 70, 72, 73, 75, 76, 77, 78, 79, 80, 81, 83, 84, 85, 86, 87, 88, 89, 90, 91, 92, 93, 94, 95, 96, 97, 98, 99, 100, 101, 102, 103, 105, 106, 108, 109, 110, 111, 112, 113, 114, 115, 116, 117, 118, 119, 121, 122, 123, 124, 125, 127, 129, 130, 132, 133, 134, 135, 136, 137, 138, 139, 140, 141, 142, 143, 144, 146, 147, 148]


is misconvergence :  True
is misconvergence :  True
is misconvergence :  True
is misconvergence :  True
is misconvergence :  True
is misconvergence :  True
is misconvergence :  False
end cluster
==== cluster  0  ====
[[1.]]
[[1.00000000e+00 7.32975432e-67 1.83243858e-67 9.16219289e-68
  7.32975432e-67 9.16219289e-68 2.10730437e-66 2.29054822e-66
  8.24597361e-67]]
[1.]
[0, 8, 22, 36, 45, 60, 71, 82, 104, 107, 120, 126, 131, 145]

==== cluster  1  ====
[[0.40106832 0.08610675 0.51282493]
 [0.08092607 0.13607443 0.7829995 ]
 [0.44023161 0.16622035 0.39354805]]
[[3.84298846e-01 0.00000000e+00 8.04932380e-02 1.99824673e-19
  2.02104620e-19 3.79974656e-08 5.04993553e-01 8.93276913e-19
  3.02143253e-02]
 [3.85316163e-02 0.00000000e+00 6.78723083e-01 1.07022989e-18
  4.77562447e-19 5.68669757e-08 2.58095052e-01 3.26635018e-18
  2.46501918e-02]
 [5.99134433e-01 0.00000000e+00 3.73906885e-03 7.01260608e-20
  1.49089735e-19 2.37482738e-08 3.91749313e-01 1.70398668e-20
  5.37716063e-03]]
[0.29874561 0.00580685 0.69544754]
[4, 9, 10, 13, 17, 18, 20, 21, 23, 27, 28, 30, 35, 37, 41, 46, 47, 48, 50, 52, 53, 57, 58, 61, 65, 66, 67, 69, 72, 74, 75, 76, 77, 78, 79, 80, 89, 91, 94, 95, 97, 100, 103, 106, 108, 110, 111, 113, 114, 115, 116, 121, 124, 128, 129, 130, 132, 135, 136, 137, 138, 141, 142, 146, 148]

==== cluster  2  ====
[[0.0283425  0.19682188 0.24115983 0.11292434 0.23641639 0.18433505]
 [0.20765536 0.050689   0.34499931 0.05898408 0.2036351  0.13403715]
 [0.1599196  0.37895993 0.01496415 0.1264135  0.12951372 0.19022911]
 [0.05950962 0.08547219 0.28627846 0.32612997 0.19905229 0.04355747]
 [0.22308572 0.19226732 0.03427995 0.30738069 0.10288525 0.14010106]
 [0.47191911 0.09990602 0.07778553 0.214571   0.10170577 0.03411256]]
[[2.21771637e-03 0.00000000e+00 4.01832410e-10 6.82382398e-01
  0.00000000e+00 2.04472746e-01 1.06658782e-01 1.35759549e-05
  4.25478114e-03]
 [2.77084692e-02 0.00000000e+00 1.05647966e-09 6.64218575e-01
  0.00000000e+00 1.46400790e-01 1.60187703e-01 1.23651629e-05
  1.47209620e-03]
 [5.98281822e-01 0.00000000e+00 2.25848656e-09 1.88770974e-03
  0.00000000e+00 3.26925382e-01 7.22214880e-02 7.01050631e-06
  6.76585115e-04]
 [2.89428026e-02 0.00000000e+00 2.29125395e-09 5.19029782e-01
  0.00000000e+00 4.49847633e-01 1.28729095e-03 3.73956747e-06
  8.88749439e-04]
 [4.92288273e-01 0.00000000e+00 1.38673499e-09 1.96577248e-01
  0.00000000e+00 2.75672429e-01 3.35685765e-02 5.46351127e-06
  1.88800848e-03]
 [4.20582880e-01 0.00000000e+00 3.02931686e-09 3.10800131e-01
  0.00000000e+00 1.38947512e-01 1.27143252e-01 9.00784363e-06
  2.51721403e-03]]
[0.00120384 0.01251171 0.57991053 0.00963489 0.25845831 0.13828071]
[1, 2, 3, 5, 6, 7, 11, 12, 14, 15, 16, 19, 24, 25, 26, 29, 31, 32, 33, 34, 38, 39, 40, 42, 43, 44, 49, 51, 54, 55, 56, 59, 62, 63, 64, 68, 70, 73, 81, 83, 84, 85, 86, 87, 88, 90, 92, 93, 96, 98, 99, 101, 102, 105, 109, 112, 117, 118, 119, 122, 123, 125, 127, 133, 134, 139, 140, 143, 144, 147]



==== cluster  0  ====
[[0.23738965 0.29592139 0.46668897]
 [0.11720209 0.50812134 0.37467657]
 [0.10282371 0.36848703 0.52868926]]
[[3.49820384e-01 2.65788735e-80 3.00411184e-07 9.57380569e-02
  1.13952333e-20 8.95578756e-02 4.07062021e-01 5.11022396e-07
  5.78208512e-02]
 [6.23698667e-01 4.79893967e-80 4.27080642e-08 1.06304932e-02
  5.21161954e-22 3.22723410e-03 3.49901291e-01 1.25508742e-07
  1.25421474e-02]
 [9.28714894e-02 2.07027237e-80 1.28258223e-07 2.47874322e-02
  1.20948516e-23 5.84195583e-03 8.67984991e-01 1.24522376e-07
  8.51387867e-03]]
[0.08091471 0.86933907 0.04974622]
[0, 1, 2, 3, 4, 5, 6, 7, 9, 10, 11, 12, 13, 14, 15, 16, 17, 19, 20, 21, 23, 24, 25, 26, 27, 28, 29, 30, 31, 32, 33, 34, 35, 37, 38, 39, 40, 41, 42, 43, 44, 46, 47, 48, 49, 50, 51, 53, 54, 55, 56, 57, 58, 59, 61, 62, 63, 64, 65, 66, 67, 68, 70, 72, 73, 74, 75, 76, 77, 78, 79, 80, 81, 83, 84, 85, 86, 87, 88, 89, 90, 91, 92, 93, 94, 95, 96, 97, 98, 99, 100, 101, 102, 103, 105, 106, 108, 109, 110, 111, 112, 113, 114, 115, 116, 117, 118, 119, 121, 122, 123, 124, 125, 127, 129, 130, 132, 133, 134, 135, 136, 137, 138, 139, 140, 141, 142, 143, 144, 146, 147, 148]

==== cluster  1  ====
[[1.]]
[[0.48823685 0.         0.4887768  0.         0.         0.
  0.0224464  0.         0.00053995]]
[1.]
[18, 52, 69, 128]

==== cluster  2  ====
[[0.]]
[[1. 0. 0. 0. 0. 0. 0. 0. 0.]]
[1.]
[8, 22, 36, 45, 60, 71, 82, 104, 107, 120, 126, 131, 145]
-8.429379331763675


==== cluster  0  ====
[[1.]]
[[9.99822314e-001 8.98637373e-116 2.24659343e-116 8.88428746e-005
  8.98637373e-116 8.88428746e-005 2.58358245e-115 2.80824179e-115
  1.01096704e-115]]
[1.]
[0, 8, 22, 33, 36, 45, 60, 71, 82, 104, 107, 120, 126, 131, 145]

==== cluster  1  ====
[[0.0891407  0.51161185 0.39924745]
 [0.3340388  0.55346024 0.11250097]
 [0.20791037 0.53204433 0.2600453 ]]
[[6.65665827e-01 0.00000000e+00 3.08850090e-01 2.93399688e-17
  2.35622113e-18 6.70572599e-08 2.52188443e-02 6.79630592e-17
  2.65171385e-04]
 [4.43797862e-01 0.00000000e+00 5.19327135e-01 6.42872229e-19
  2.16960249e-17 3.97430523e-08 3.66570385e-02 2.18445585e-17
  2.17923915e-04]
 [2.67055556e-01 0.00000000e+00 7.15505536e-01 1.26480974e-17
  4.08215008e-18 1.17221953e-08 1.73285549e-02 1.97866615e-17
  1.10341143e-04]]
[0.45077744 0.45093055 0.098292  ]
[18, 52, 69, 74, 78, 128]

==== cluster  2  ====
[[0.29911936 0.26328445 0.43759619]
 [0.30895669 0.20267762 0.48836569]
 [0.18076285 0.25193374 0.56730341]]
[[1.46354913e-01 0.00000000e+00 2.38069346e-07 4.54881772e-03
  0.00000000e+00 1.69595158e-06 7.90522115e-01 1.24811832e-06
  5.85709725e-02]
 [7.82694416e-01 0.00000000e+00 2.33426932e-08 4.31747981e-04
  0.00000000e+00 2.75603741e-08 2.05094518e-01 1.41922167e-07
  1.17791249e-02]
 [1.08672206e-01 0.00000000e+00 2.33072939e-08 3.95190153e-03
  0.00000000e+00 1.20372970e-06 8.42825915e-01 1.99635896e-07
  4.45485507e-02]]
[0.05667019 0.87426583 0.06906397]
[1, 2, 3, 4, 5, 6, 7, 9, 10, 11, 12, 13, 14, 15, 16, 17, 19, 20, 21, 23, 24, 25, 26, 27, 28, 29, 30, 31, 32, 34, 35, 37, 38, 39, 40, 41, 42, 43, 44, 46, 47, 48, 49, 50, 51, 53, 54, 55, 56, 57, 58, 59, 61, 62, 63, 64, 65, 66, 67, 68, 70, 72, 73, 75, 76, 77, 79, 80, 81, 83, 84, 85, 86, 87, 88, 89, 90, 91, 92, 93, 94, 95, 96, 97, 98, 99, 100, 101, 102, 103, 105, 106, 108, 109, 110, 111, 112, 113, 114, 115, 116, 117, 118, 119, 121, 122, 123, 124, 125, 127, 129, 130, 132, 133, 134, 135, 136, 137, 138, 139, 140, 141, 142, 143, 144, 146, 147, 148]
-8.980316507693649
